Induced Winding Voltages at No Load
Electric Degree
(Volts)
0	171.785325
1	176.831749
2	181.726545
3	186.499752
4	191.203408
5	195.837514
6	200.407355
7	204.933932
8	209.417246
9	213.858027
10	218.260472
11	222.624579
12	226.946154
13	231.224465
14	235.459513
15	239.630296
16	243.731528
17	247.763210
18	251.673303
19	255.431768
20	258.925874
21	261.934920
22	263.794745
23	264.130658
24	264.145825
25	264.146148
26	264.146183
27	264.146219
28	264.146254
29	264.146289
30	264.146325
31	264.146360
32	264.146396
33	264.146431
34	264.146467
35	264.146502
36	264.146537
37	264.146573
38	264.146608
39	264.146644
40	264.146679
41	264.146714
42	264.146747
43	264.146778
44	264.146809
45	264.146839
46	264.146867
47	264.146894
48	264.146920
49	264.146945
50	264.146969
51	264.146991
52	264.147012
53	264.147032
54	264.147051
55	264.147069
56	264.147086
57	264.147101
58	264.147115
59	264.147128
60	264.147140
61	264.147151
62	264.147160
63	264.147168
64	264.147175
65	264.147181
66	264.147186
67	264.147190
68	264.147192
69	264.147193
70	264.147193
71	264.147192
72	264.147190
73	264.147186
74	264.147181
75	264.147175
76	264.147168
77	264.147160
78	264.147151
79	264.147140
80	264.147128
81	264.147115
82	264.147101
83	264.147086
84	264.147069
85	264.147051
86	264.147032
87	264.147012
88	264.146991
89	264.146969
90	264.146945
91	264.146920
92	264.146894
93	264.146867
94	264.146839
95	264.146809
96	264.146778
97	264.146747
98	264.146714
99	264.146679
100	264.146644
101	264.146608
102	264.146573
103	264.146537
104	264.146502
105	264.146467
106	264.146431
107	264.146396
108	264.146360
109	264.146325
110	264.146289
111	264.146254
112	264.146219
113	264.146183
114	264.146148
115	264.145825
116	264.130658
117	263.794745
118	261.934920
119	258.925874
120	255.431768
121	251.673303
122	247.763210
123	243.731528
124	239.630296
125	235.459513
126	231.224465
127	226.946154
128	222.624579
129	218.260472
130	213.858027
131	209.417246
132	204.933932
133	200.407355
134	195.837514
135	191.203408
136	186.499752
137	181.726545
138	176.831749
139	171.785325
140	166.474542
141	160.678700
142	153.733636
143	145.264661
144	136.474939
145	127.670373
146	118.865519
147	110.060666
148	101.255813
149	92.450959
150	83.646106
151	74.841253
152	66.036400
153	57.231546
154	48.426693
155	39.621840
156	30.816986
157	22.012133
158	13.207280
159	4.402427
160	-4.402427
161	-13.207280
162	-22.012133
163	-30.816986
164	-39.621840
165	-48.426693
166	-57.231546
167	-66.036400
168	-74.841253
169	-83.646106
170	-92.450959
171	-101.255813
172	-110.060666
173	-118.865519
174	-127.670373
175	-136.474939
176	-145.264661
177	-153.733636
178	-160.678700
179	-166.474542
180	-171.785325
181	-176.831749
182	-181.726545
183	-186.499752
184	-191.203408
185	-195.837514
186	-200.407355
187	-204.933932
188	-209.417246
189	-213.858027
190	-218.260472
191	-222.624579
192	-226.946154
193	-231.224465
194	-235.459513
195	-239.630296
196	-243.731528
197	-247.763210
198	-251.673303
199	-255.431768
200	-258.925874
201	-261.934920
202	-263.794745
203	-264.130658
204	-264.145825
205	-264.146148
206	-264.146183
207	-264.146219
208	-264.146254
209	-264.146289
210	-264.146325
211	-264.146360
212	-264.146396
213	-264.146431
214	-264.146467
215	-264.146502
216	-264.146537
217	-264.146573
218	-264.146608
219	-264.146644
220	-264.146679
221	-264.146714
222	-264.146747
223	-264.146778
224	-264.146809
225	-264.146839
226	-264.146867
227	-264.146894
228	-264.146920
229	-264.146945
230	-264.146969
231	-264.146991
232	-264.147012
233	-264.147032
234	-264.147051
235	-264.147069
236	-264.147086
237	-264.147101
238	-264.147115
239	-264.147128
240	-264.147140
241	-264.147151
242	-264.147160
243	-264.147168
244	-264.147175
245	-264.147181
246	-264.147186
247	-264.147190
248	-264.147192
249	-264.147193
250	-264.147193
251	-264.147192
252	-264.147190
253	-264.147186
254	-264.147181
255	-264.147175
256	-264.147168
257	-264.147160
258	-264.147151
259	-264.147140
260	-264.147128
261	-264.147115
262	-264.147101
263	-264.147086
264	-264.147069
265	-264.147051
266	-264.147032
267	-264.147012
268	-264.146991
269	-264.146969
270	-264.146945
271	-264.146920
272	-264.146894
273	-264.146867
274	-264.146839
275	-264.146809
276	-264.146778
277	-264.146747
278	-264.146714
279	-264.146679
280	-264.146644
281	-264.146608
282	-264.146573
283	-264.146537
284	-264.146502
285	-264.146467
286	-264.146431
287	-264.146396
288	-264.146360
289	-264.146325
290	-264.146289
291	-264.146254
292	-264.146219
293	-264.146183
294	-264.146148
295	-264.145825
296	-264.130658
297	-263.794745
298	-261.934920
299	-258.925874
300	-255.431768
301	-251.673303
302	-247.763210
303	-243.731528
304	-239.630296
305	-235.459513
306	-231.224465
307	-226.946154
308	-222.624579
309	-218.260472
310	-213.858027
311	-209.417246
312	-204.933932
313	-200.407355
314	-195.837514
315	-191.203408
316	-186.499752
317	-181.726545
318	-176.831749
319	-171.785325
320	-166.474542
321	-160.678700
322	-153.733636
323	-145.264661
324	-136.474939
325	-127.670373
326	-118.865519
327	-110.060666
328	-101.255813
329	-92.450959
330	-83.646106
331	-74.841253
332	-66.036400
333	-57.231546
334	-48.426693
335	-39.621840
336	-30.816986
337	-22.012133
338	-13.207280
339	-4.402427
340	4.402427
341	13.207280
342	22.012133
343	30.816986
344	39.621840
345	48.426693
346	57.231546
347	66.036400
348	74.841253
349	83.646106
350	92.450959
351	101.255813
352	110.060666
353	118.865519
354	127.670373
355	136.474939
356	145.264661
357	153.733636
358	160.678700
359	166.474542
360	171.785325
Phase Voltage
0	435.932465
1	440.978899
2	445.873705
3	450.646920
4	455.350584
5	459.984695
6	464.554541
7	469.081122
8	473.564438
9	478.005220
10	482.407665
11	486.771771
12	491.093344
13	495.371651
14	499.606695
15	503.777472
16	507.878697
17	511.910370
18	515.820453
19	519.578908
20	523.073002
21	526.082035
22	527.941846
23	528.277744
24	528.292894
25	528.293199
26	528.293216
27	528.293231
28	528.293245
29	528.293258
30	528.293270
31	528.293281
32	528.293290
33	528.293298
34	528.293305
35	528.293311
36	528.293316
37	528.293320
38	528.293322
39	528.293323
40	528.293323
41	528.293322
42	528.293320
43	528.293316
44	528.293311
45	528.293305
46	528.293298
47	528.293290
48	528.293281
49	528.293270
50	528.293258
51	528.293245
52	528.293231
53	528.293216
54	528.293199
55	528.292894
56	528.277744
57	527.941846
58	526.082035
59	523.073002
60	519.578908
61	515.820453
62	511.910370
63	507.878697
64	503.777472
65	499.606695
66	495.371651
67	491.093344
68	486.771771
69	482.407665
70	478.005220
71	473.564438
72	469.081122
73	464.554541
74	459.984695
75	455.350584
76	450.646920
77	445.873705
78	440.978899
79	435.932465
80	430.621670
81	424.825815
82	417.880737
83	409.411746
84	400.622008
85	391.817424
86	383.012552
87	374.207678
88	365.402804
89	356.597928
90	347.793051
91	338.988173
92	330.183294
93	321.378413
94	312.573532
95	303.768649
96	294.963765
97	286.158880
98	277.353993
99	268.549106
100	259.744217
101	250.939328
102	242.134440
103	233.329551
104	224.524662
105	215.719774
106	206.914885
107	198.109996
108	189.305107
109	180.500219
110	171.695330
111	162.890441
112	154.085553
113	145.280664
114	136.475775
115	127.670886
116	118.865998
117	110.061109
118	101.256220
119	92.451332
120	83.646443
121	74.841554
122	66.036665
123	57.231777
124	48.426888
125	39.621999
126	30.817111
127	22.012222
128	13.207333
129	4.402444
130	-4.402444
131	-13.207333
132	-22.012222
133	-30.817111
134	-39.621999
135	-48.426888
136	-57.231777
137	-66.036665
138	-74.841554
139	-83.646443
140	-92.451332
141	-101.256220
142	-110.061109
143	-118.865998
144	-127.670886
145	-136.475775
146	-145.280664
147	-154.085553
148	-162.890441
149	-171.695330
150	-180.500219
151	-189.305107
152	-198.109996
153	-206.914885
154	-215.719774
155	-224.524662
156	-233.329551
157	-242.134440
158	-250.939328
159	-259.744217
160	-268.549106
161	-277.353993
162	-286.158880
163	-294.963765
164	-303.768649
165	-312.573532
166	-321.378413
167	-330.183294
168	-338.988173
169	-347.793051
170	-356.597928
171	-365.402804
172	-374.207678
173	-383.012552
174	-391.817424
175	-400.622008
176	-409.411746
177	-417.880737
178	-424.825815
179	-430.621670
180	-435.932465
181	-440.978899
182	-445.873705
183	-450.646920
184	-455.350584
185	-459.984695
186	-464.554541
187	-469.081122
188	-473.564438
189	-478.005220
190	-482.407665
191	-486.771771
192	-491.093344
193	-495.371651
194	-499.606695
195	-503.777472
196	-507.878697
197	-511.910370
198	-515.820453
199	-519.578908
200	-523.073002
201	-526.082035
202	-527.941846
203	-528.277744
204	-528.292894
205	-528.293199
206	-528.293216
207	-528.293231
208	-528.293245
209	-528.293258
210	-528.293270
211	-528.293281
212	-528.293290
213	-528.293298
214	-528.293305
215	-528.293311
216	-528.293316
217	-528.293320
218	-528.293322
219	-528.293323
220	-528.293323
221	-528.293322
222	-528.293320
223	-528.293316
224	-528.293311
225	-528.293305
226	-528.293298
227	-528.293290
228	-528.293281
229	-528.293270
230	-528.293258
231	-528.293245
232	-528.293231
233	-528.293216
234	-528.293199
235	-528.292894
236	-528.277744
237	-527.941846
238	-526.082035
239	-523.073002
240	-519.578908
241	-515.820453
242	-511.910370
243	-507.878697
244	-503.777472
245	-499.606695
246	-495.371651
247	-491.093344
248	-486.771771
249	-482.407665
250	-478.005220
251	-473.564438
252	-469.081122
253	-464.554541
254	-459.984695
255	-455.350584
256	-450.646920
257	-445.873705
258	-440.978899
259	-435.932465
260	-430.621670
261	-424.825815
262	-417.880737
263	-409.411746
264	-400.622008
265	-391.817424
266	-383.012552
267	-374.207678
268	-365.402804
269	-356.597928
270	-347.793051
271	-338.988173
272	-330.183294
273	-321.378413
274	-312.573532
275	-303.768649
276	-294.963765
277	-286.158880
278	-277.353993
279	-268.549106
280	-259.744217
281	-250.939328
282	-242.134440
283	-233.329551
284	-224.524662
285	-215.719774
286	-206.914885
287	-198.109996
288	-189.305107
289	-180.500219
290	-171.695330
291	-162.890441
292	-154.085553
293	-145.280664
294	-136.475775
295	-127.670886
296	-118.865998
297	-110.061109
298	-101.256220
299	-92.451332
300	-83.646443
301	-74.841554
302	-66.036665
303	-57.231777
304	-48.426888
305	-39.621999
306	-30.817111
307	-22.012222
308	-13.207333
309	-4.402444
310	4.402444
311	13.207333
312	22.012222
313	30.817111
314	39.621999
315	48.426888
316	57.231777
317	66.036665
318	74.841554
319	83.646443
320	92.451332
321	101.256220
322	110.061109
323	118.865998
324	127.670886
325	136.475775
326	145.280664
327	154.085553
328	162.890441
329	171.695330
330	180.500219
331	189.305107
332	198.109996
333	206.914885
334	215.719774
335	224.524662
336	233.329551
337	242.134440
338	250.939328
339	259.744217
340	268.549106
341	277.353993
342	286.158880
343	294.963765
344	303.768649
345	312.573532
346	321.378413
347	330.183294
348	338.988173
349	347.793051
350	356.597928
351	365.402804
352	374.207678
353	383.012552
354	391.817424
355	400.622008
356	409.411746
357	417.880737
358	424.825815
359	430.621670
360	435.932465
Line Voltage
